Time (ms),GROOV-EPIC:M7_CA.Value
0.00,0
0.02,0
0.04,0
0.06,0
0.08,0
0.10,0
0.12,0
0.14,0
0.16,0
0.18,0
0.20,0
0.22,0
0.24,0
0.26,0
0.28,0
0.30,0
0.32,0
0.34,0
0.36,0
0.38,0
0.40,0
0.42,0
0.44,0
0.46,0
0.48,0
0.50,0
0.52,0
0.54,0
0.56,0
0.58,0
0.60,0
0.62,0
0.64,0
0.66,0
0.68,0
0.70,0
0.72,0
0.74,0
0.76,0
0.78,0
0.80,0
0.82,0
0.84,0
0.86,0
0.88,0
0.90,0
0.92,0
0.94,0
0.96,0
0.98,0
1.00,0
1.02,0
1.04,0
1.06,0
1.08,0
1.10,0
1.12,0
1.14,0
1.16,0
1.18,0
1.20,0
1.22,0
1.24,0
1.26,0
1.28,0
1.30,0
1.32,0
1.34,0
1.36,0
1.38,0
1.40,0
1.42,0
1.44,0
1.46,0
1.48,0
1.50,0
1.52,0
1.54,0
1.56,0
1.58,0
1.60,0
1.62,0
1.64,0
1.66,0
1.68,0
1.70,0
1.72,0
1.74,0
1.76,0
1.78,0
1.80,0
1.82,0
1.84,0
1.86,0
1.88,0
1.90,0
1.92,0
1.94,0
1.96,0
1.98,0
2.00,0
2.02,0
2.04,0
2.06,0
2.08,0
2.10,0
2.12,0
2.14,0
2.16,0
2.18,0
2.20,0
2.22,0
2.24,0
2.26,0
2.28,0
2.30,0
2.32,0
2.34,0
2.36,0
2.38,0
2.40,0
2.42,0
2.44,0
2.46,0
2.48,0
2.50,0
2.52,0
2.54,0
2.56,0
2.58,0
2.60,0
2.62,0
2.64,0
2.66,0
2.68,0
2.70,0
2.72,0
2.74,0
2.76,0
2.78,0
2.80,0
2.82,0
2.84,0
2.86,0
2.88,0
2.90,0
2.92,0
2.94,0
2.96,0
2.98,0
3.00,0
3.02,0
3.04,0
3.06,0
3.08,0
3.10,0
3.12,0
3.14,0
3.16,0
3.18,0
3.20,0
3.22,0
3.24,0
3.26,0
3.28,0
3.30,0
3.32,0
3.34,0
3.36,0
3.38,0
3.40,0
3.42,0
3.44,0
3.46,0
3.48,0
3.50,0
3.52,0
3.54,0
3.56,0
3.58,0
3.60,0
3.62,0
3.64,0
3.66,0
3.68,0
3.70,0
3.72,0
3.74,0
3.76,0
3.78,0
3.80,0
3.82,0
3.84,0
3.86,0
3.88,0
3.90,0
3.92,0
3.94,0
3.96,0
3.98,0
4.00,0
4.02,0
4.04,0
4.06,0
4.08,0
4.10,0
4.12,0
4.14,0
4.16,0
4.18,0
4.20,0
4.22,0
4.24,0
4.26,0
4.28,0
4.30,0
4.32,0
4.34,0
4.36,0
4.38,0
4.40,0
4.42,0
4.44,0
4.46,0
4.48,0
4.50,0
4.52,0
4.54,0
4.56,0
4.58,0
4.60,0
4.62,0
4.64,146.422
4.66,146.422
4.68,146.422
4.70,146.422
4.72,146.422
4.74,146.422
4.76,146.422
4.78,146.422
4.80,146.422
4.82,146.422
4.84,146.422
4.86,146.422
4.88,146.422
4.90,334.523
4.92,334.523
4.94,334.523
4.96,334.523
4.98,334.523
5.00,334.523
5.02,334.523
5.04,334.523
5.06,334.523
5.08,334.523
5.10,539.953
5.12,539.953
5.14,539.953
5.16,539.953
5.18,539.953
5.20,539.953
5.22,539.953
5.24,539.953
5.26,539.953
5.28,539.953
5.30,539.953
5.32,539.953
5.34,539.953
5.36,539.953
5.38,539.953
5.40,749.023
5.42,749.023
5.44,749.023
5.46,749.023
5.48,749.023
5.50,749.023
5.52,749.023
5.54,749.023
5.56,749.023
5.58,825.703
5.60,825.703
5.62,825.703
5.64,825.703
5.66,825.703
5.68,825.703
5.70,825.703
5.72,825.703
5.74,825.703
5.76,825.703
5.78,825.703
5.80,825.703
5.82,825.703
5.84,851.289
5.86,851.289
5.88,851.289
5.90,851.289
5.92,851.289
5.94,851.289
5.96,851.289
5.98,851.289
6.00,851.289
6.02,851.289
6.04,859.18
6.06,859.18
6.08,859.18
6.10,859.18
6.12,859.18
6.14,859.18
6.16,859.18
6.18,859.18
6.20,859.18
6.22,859.18
6.24,859.18
6.26,859.18
6.28,859.18
6.30,863.109
6.32,863.109
6.34,863.109
6.36,863.109
6.38,863.109
6.40,863.109
6.42,863.109
6.44,863.109
6.46,863.109
6.48,863.109
6.50,863.109
6.52,863.109
6.54,863.109
6.56,864.602
6.58,864.602
6.60,864.602
6.62,864.602
6.64,864.602
6.66,864.602
6.68,864.602
6.70,864.602
6.72,864.602
6.74,864.602
6.76,864.602
6.78,864.602
6.80,864.141
6.82,864.141
6.84,864.141
6.86,864.141
6.88,864.141
6.90,864.141
6.92,864.141
6.94,864.141
6.96,864.141
6.98,864.141
7.00,864.141
7.02,863.836
7.04,863.836
7.06,863.836
7.08,863.836
7.10,863.836
7.12,863.836
7.14,863.836
7.16,863.836
7.18,863.836
7.20,863.836
7.22,863.836
7.24,863.836
7.26,863.836
7.28,863.734
7.30,863.734
7.32,863.734
7.34,863.734
7.36,863.734
7.38,863.734
7.40,863.734
7.42,863.734
7.44,863.734
7.46,863.734
7.48,863.734
7.50,863.734
7.52,863.734
7.54,863.961
7.56,863.961
7.58,863.961
7.60,863.961
7.62,863.961
7.64,863.961
7.66,863.961
7.68,863.961
7.70,863.961
7.72,864
7.74,864
7.76,864
7.78,864
7.80,864
7.82,864
7.84,864
7.86,864
7.88,864
7.90,864
7.92,864
7.94,864
7.96,864
7.98,864.234
8.00,864.234
8.02,864.234
8.04,864.234
8.06,864.234
8.08,864.234
8.10,864.234
8.12,864.234
8.14,864.234
8.16,864.234
8.18,864.234
8.20,864.484
8.22,864.484
8.24,864.484
8.26,864.484
8.28,864.484
8.30,864.484
8.32,864.484
8.34,864.484
8.36,864.484
8.38,864.484
8.40,864.484
8.42,864.484
8.44,864.602
8.46,864.602
8.48,864.602
8.50,864.602
8.52,864.602
8.54,864.602
8.56,864.602
8.58,864.602
8.60,864.602
8.62,864.602
8.64,864.602
8.66,864.602
8.68,864.602
8.70,864.891
8.72,864.891
8.74,864.891
8.76,864.891
8.78,864.891
8.80,864.891
8.82,864.891
8.84,864.891
8.86,864.891
8.88,864.891
8.90,864.891
8.92,864.891
8.94,864.891
8.96,864.688
8.98,864.688
9.00,864.688
9.02,864.688
9.04,864.688
9.06,864.688
9.08,864.688
9.10,864.688
9.12,864.688
9.14,864.352
9.16,864.352
9.18,864.352
9.20,864.352
9.22,864.352
9.24,864.352
9.26,864.352
9.28,864.352
9.30,864.352
9.32,864.352
9.34,864.352
9.36,864.352
9.38,864.352
9.40,864.352
9.42,864.352
9.44,864.352
9.46,864.055
9.48,864.055
9.50,864.055
9.52,864.055
9.54,864.055
9.56,864.055
9.58,864.055
9.60,863.648
9.62,863.648
9.64,863.648
9.66,863.648
9.68,863.648
9.70,863.648
9.72,863.648
9.74,863.648
9.76,863.648
9.78,863.648
9.80,863.648
9.82,863.648
9.84,863.648
9.86,863.766
9.88,863.766
9.90,863.766
9.92,863.766
9.94,863.766
9.96,863.766
9.98,863.766
10.00,863.766
10.02,863.766
10.04,863.766
10.06,863.766
10.08,864.055
10.10,864.055
10.12,864.055
10.14,864.055
10.16,864.055
10.18,864.055
10.20,864.055
10.22,864.055
10.24,864.055
10.26,864.055
10.28,864.055
10.30,864.055
10.32,864.055
10.34,864.172
10.36,864.172
10.38,864.172
10.40,864.172
10.42,864.172
10.44,864.172
10.46,864.172
10.48,864.172
10.50,864.172
10.52,864.172
10.54,864.539
10.56,864.539
10.58,864.539
10.60,864.539
10.62,864.539
10.64,864.539
10.66,864.539
10.68,864.539
10.70,864.539
10.72,864.539
10.74,864.539
10.76,864.539
10.78,864.539
10.80,864.539
10.82,864.5
10.84,864.5
10.86,864.5
10.88,864.5
10.90,864.5
10.92,864.5
10.94,864.5
10.96,864.5
10.98,864.5
11.00,864.5
11.02,864.5
11.04,864.5
11.06,864.422
11.08,864.422
11.10,864.422
11.12,864.422
11.14,864.422
11.16,864.422
11.18,864.422
11.20,864.422
11.22,864.422
11.24,864.422
11.26,864.422
11.28,864.484
11.30,864.484
11.32,864.484
11.34,864.484
11.36,864.484
11.38,864.484
11.40,864.484
11.42,864.484
11.44,864.484
11.46,864.484
11.48,864.484
11.50,864.484
11.52,864.484
11.54,864.484
11.56,864.484
11.58,864.484
11.60,864.484
11.62,864.484
11.64,864.484
11.66,864.484
11.68,864.484
11.70,864.484
11.72,864.484
11.74,864.484
11.76,864.484
11.78,864.484
11.80,864.484
11.82,864.547
11.84,864.547
11.86,864.547
11.88,864.547
11.90,864.547
11.92,864.547
11.94,864.547
11.96,864.547
11.98,864.547
12.00,864.547
12.02,864.547
12.04,864.547
12.06,864.547
12.08,864.547
12.10,864.547
12.12,864.547
12.14,864.547
12.16,864.547
12.18,864.547
12.20,864.547
12.22,864.547
12.24,864.547
12.26,864.547
12.28,864.547
12.30,864.547
12.32,864.547
12.34,864.547
12.36,864.547
12.38,864.547
12.40,864.547
12.42,864.547
12.44,864.547
12.46,864.547
12.48,864.547
12.50,864.547
12.52,864.547
12.54,864.547
12.56,864.547
12.58,864.547
12.60,864.547
12.62,864.547
12.64,864.547
12.66,864.547
12.68,864.547
12.70,864.547
12.72,864.547
12.74,864.547
12.76,864.547
12.78,864.547
12.80,864.547
12.82,864.547
12.84,864.547
12.86,864.547
12.88,864.547
12.90,864.547
12.92,864.547
12.94,864.547
12.96,864.547
12.98,864.547
13.00,864.547
13.02,864.547
13.04,864.547
13.06,864.547
13.08,864.547
13.10,864.547
13.12,864.547
13.14,864.547
13.16,864.547
13.18,864.547
13.20,864.547
13.22,864.547
13.24,864.547
13.26,864.547
13.28,864.547
13.30,864.547
13.32,864.547
13.34,864.547
13.36,864.547
13.38,864.547
13.40,864.547
13.42,864.547
13.44,864.547
13.46,864.547
13.48,864.547
13.50,864.547
13.52,864.547
13.54,864.547
13.56,864.547
13.58,864.547
13.60,864.547
13.62,864.547
13.64,864.547
13.66,864.547
13.68,864.547
13.70,864.547
13.72,864.547
13.74,864.547
13.76,864.547
13.78,864.547
13.80,864.547
13.82,864.547
13.84,864.547
13.86,864.547
13.88,864.547
13.90,864.547
13.92,864.547
13.94,864.547
13.96,864.547
13.98,864.547
14.00,864.547
14.02,864.547
14.04,864.547
14.06,864.547
14.08,864.547
14.10,864.547
14.12,864.547
14.14,864.547
14.16,864.547
14.18,864.547
14.20,864.547
14.22,864.547
14.24,864.547
14.26,864.547
14.28,864.547
14.30,864.547
14.32,864.547
14.34,864.547
14.36,864.547
14.38,864.547
14.40,864.547
14.42,864.547
14.44,864.547
14.46,864.547
14.48,864.547
14.50,864.547
14.52,864.547
14.54,864.547
14.56,864.547
14.58,864.547
14.60,864.547
14.62,864.547
14.64,864.547
14.66,864.547
14.68,864.547
14.70,864.547
14.72,864.547
14.74,864.547
14.76,864.547
14.78,864.547
14.80,864.547
14.82,864.547
14.84,864.547
14.86,864.547
14.88,864.547
14.90,864.547
14.92,864.547
14.94,864.547
14.96,864.547
14.98,864.547
15.00,864.547
15.02,864.547
15.04,864.547
15.06,864.547
15.08,864.547
15.10,864.547
15.12,864.547
15.14,864.547
15.16,864.547
15.18,864.547
15.20,864.391
15.22,864.391
15.24,864.391
15.26,864.391
15.28,864.391
15.30,864.391
15.32,864.391
15.34,864.391
15.36,864.391
15.38,864.391
15.40,864.391
15.42,864.391
15.44,864.391
15.46,864.391
15.48,864.391
15.50,864.391
15.52,864.391
15.54,864.391
15.56,864.391
15.58,864.391
15.60,864.391
15.62,864.391
15.64,864.391
15.66,864.391
15.68,864.391
15.70,864.391
15.72,864.391
15.74,864.391
15.76,864.391
15.78,864.391
15.80,864.391
15.82,864.391
15.84,864.391
15.86,864.391
15.88,864.391
15.90,864.391
15.92,864.391
15.94,864.391
15.96,864.391
15.98,864.391
16.00,864.391
16.02,864.391
16.04,864.391
16.06,864.391
16.08,864.391
16.10,864.391
16.12,864.391
16.14,864.391
16.16,864.391
16.18,864.391
16.20,864.391
16.22,864.391
16.24,864.391
16.26,864.391
16.28,864.391
16.30,864.391
16.32,864.391
16.34,864.391
16.36,864.391
16.38,864.328
16.40,864.328
16.42,864.328
16.44,864.328
16.46,864.328
16.48,864.328
16.50,864.328
16.52,864.328
16.54,864.328
16.56,864.328
16.58,864.328
16.60,864.172
16.62,864.172
16.64,864.172
16.66,864.172
16.68,864.172
16.70,864.172
16.72,864.172
16.74,864.172
16.76,864.172
16.78,864.172
16.80,864.172
16.82,864.172
16.84,864.172
16.86,863.961
16.88,863.961
16.90,863.961
16.92,863.961
16.94,863.961
16.96,863.961
16.98,863.961
17.00,863.961
17.02,863.961
17.04,863.961
17.06,863.961
17.08,863.875
17.10,863.875
17.12,863.875
17.14,863.875
17.16,863.875
17.18,863.875
17.20,863.875
17.22,863.875
17.24,863.875
17.26,863.875
17.28,863.875
17.30,863.875
17.32,863.875
17.34,863.875
17.36,863.875
17.38,863.875
17.40,863.875
17.42,863.875
17.44,863.875
17.46,863.875
17.48,863.875
17.50,863.875
17.52,863.875
17.54,863.875
17.56,863.875
17.58,863.875
17.60,863.875
17.62,863.875
17.64,863.875
17.66,863.875
17.68,863.875
17.70,863.875
17.72,863.875
17.74,863.875
17.76,863.875
17.78,863.875
17.80,863.875
17.82,863.875
17.84,863.875
17.86,863.875
17.88,863.875
17.90,863.875
17.92,863.875
17.94,863.875
17.96,863.875
17.98,863.875
18.00,863.875
18.02,863.875
18.04,863.875
18.06,863.875
18.08,863.875
18.10,863.875
18.12,863.875
18.14,863.875
18.16,863.875
18.18,863.875
18.20,863.875
18.22,863.875
18.24,863.875
18.26,863.875
18.28,863.875
18.30,863.875
18.32,863.875
18.34,863.875
18.36,863.875
18.38,863.875
18.40,863.875
18.42,863.875
18.44,863.875
18.46,863.875
18.48,863.875
18.50,863.875
18.52,863.875
18.54,863.875
18.56,863.875
18.58,863.875
18.60,863.875
18.62,864.367
18.64,864.367
18.66,864.367
18.68,864.367
18.70,864.367
18.72,864.367
18.74,864.367
18.76,864.367
18.78,864.367
18.80,864.367
18.82,864.367
18.84,864.367
18.86,864.367
18.88,864.539
18.90,864.539
18.92,864.539
18.94,864.539
18.96,864.539
18.98,864.539
19.00,864.539
19.02,864.539
19.04,864.539
19.06,864.539
19.08,864.539
19.10,864.781
19.12,864.781
19.14,864.781
19.16,864.781
19.18,864.781
19.20,864.781
19.22,864.781
19.24,864.781
19.26,864.781
19.28,864.781
19.30,864.781
19.32,864.781
19.34,864.781
19.36,865.148
19.38,865.148
19.40,865.148
19.42,865.148
19.44,865.148
19.46,865.148
19.48,865.148
19.50,865.148
19.52,865.148
19.54,864.984
19.56,864.984
19.58,864.984
19.60,864.984
19.62,864.984
19.64,864.984
19.66,864.984
19.68,864.984
19.70,864.984
19.72,864.984
19.74,864.984
19.76,864.984
19.78,864.984
19.80,864.984
19.82,864.984
19.84,864.672
19.86,864.672
19.88,864.672
19.90,864.672
19.92,864.672
19.94,864.672
19.96,864.672
19.98,864.672
20.00,864.672
20.02,864.672
20.04,864.672
20.06,864.289
20.08,864.289
20.10,864.289
20.12,864.289
20.14,864.289
20.16,864.289
20.18,864.289
20.20,864.289
20.22,864.289
20.24,864.289
20.26,864.289
20.28,864.289
20.30,864.289
20.32,864.289
20.34,864.289
20.36,863.859
20.38,863.859
20.40,863.859
20.42,863.859
20.44,863.859
20.46,863.859
20.48,863.859
20.50,863.859
20.52,863.859
20.54,863.461
20.56,863.461
20.58,863.461
20.60,863.461
20.62,863.461
20.64,863.461
20.66,863.461
20.68,863.461
20.70,863.461
20.72,863.461
20.74,863.461
20.76,863.461
20.78,863.461
20.80,863.375
20.82,863.375
20.84,863.375
20.86,863.375
20.88,863.375
20.90,863.375
20.92,863.375
20.94,863.375
20.96,863.375
20.98,863.375
21.00,863.375
21.02,863.453
21.04,863.453
21.06,863.453
21.08,863.453
21.10,863.453
21.12,863.453
21.14,863.453
21.16,863.453
21.18,863.453
21.20,863.453
21.22,863.453
21.24,863.453
21.26,863.453
21.28,864
21.30,864
21.32,864
21.34,864
21.36,864
21.38,864
21.40,864
21.42,864
21.44,864
21.46,864
21.48,864
21.50,864
21.52,864
21.54,864.227
21.56,864.227
21.58,864.227
21.60,864.227
21.62,864.227
21.64,864.227
21.66,864.227
21.68,864.227
21.70,864.227
21.72,864.227
21.74,864.227
21.76,864.672
21.78,864.672
21.80,864.672
21.82,864.672
21.84,864.672
21.86,864.672
21.88,864.672
21.90,864.672
21.92,864.672
21.94,864.672
21.96,864.672
21.98,864.672
22.00,864.672
22.02,865.016
22.04,865.016
22.06,865.016
22.08,865.016
22.10,865.016
22.12,865.016
22.14,865.016
22.16,865.016
22.18,865.016
22.20,865.016
22.22,865.016
22.24,864.328
22.26,864.328
22.28,864.328
22.30,864.328
22.32,864.328
22.34,864.328
22.36,864.328
22.38,864.328
22.40,864.328
22.42,864.328
22.44,864.328
22.46,864.031
22.48,864.031
22.50,864.031
22.52,864.031
22.54,864.031
22.56,864.031
22.58,864.031
22.60,864.031
22.62,864.031
22.64,864.031
22.66,864.031
22.68,864.031
22.70,864.031
22.72,863.484
22.74,863.484
22.76,863.484
22.78,863.484
22.80,863.484
22.82,863.484
22.84,863.484
22.86,863.484
22.88,863.484
22.90,863.484
22.92,863.484
22.94,863.484
22.96,863.227
22.98,863.227
23.00,863.227
23.02,863.227
23.04,863.227
23.06,863.227
23.08,863.227
23.10,863.227
23.12,863.227
23.14,863.227
23.16,863.227
23.18,863.227
23.20,863.727
23.22,863.727
23.24,863.727
23.26,863.727
23.28,863.727
23.30,863.727
23.32,863.727
23.34,863.727
23.36,863.727
23.38,863.727
23.40,863.727
23.42,863.727
23.44,863.688
23.46,863.688
23.48,863.688
23.50,863.688
23.52,863.688
23.54,863.688
23.56,863.688
23.58,863.688
23.60,863.688
23.62,863.688
23.64,863.938
23.66,863.938
23.68,863.938
23.70,863.938
23.72,863.938
23.74,863.938
23.76,863.938
23.78,863.938
23.80,863.938
23.82,863.938
23.84,863.938
23.86,863.938
23.88,863.938
23.90,863.938
23.92,864.344
23.94,864.344
23.96,864.344
23.98,864.344
24.00,864.344
24.02,864.344
24.04,864.344
24.06,864.344
24.08,864.344
24.10,864.344
24.12,864.484
24.14,864.484
24.16,864.484
24.18,864.484
24.20,864.484
24.22,864.484
24.24,864.484
24.26,864.484
24.28,864.484
24.30,864.484
24.32,864.484
24.34,864.484
24.36,864.484
24.38,864.828
24.40,864.828
24.42,864.828
24.44,864.828
24.46,864.828
24.48,864.828
24.50,864.828
24.52,864.828
24.54,864.828
24.56,864.828
24.58,864.828
24.60,864.898
24.62,864.898
24.64,864.898
24.66,864.898
24.68,864.898
24.70,864.898
24.72,864.898
24.74,864.898
24.76,864.898
24.78,864.898
24.80,864.898
24.82,864.898
24.84,864.898
24.86,864.453
24.88,864.453
24.90,864.453
24.92,864.453
24.94,864.453
24.96,864.453
24.98,864.453
25.00,864.453
25.02,864.453
25.04,864.453
25.06,864.453
25.08,864.195
25.10,864.195
25.12,864.195
25.14,864.195
25.16,864.195
25.18,864.195
25.20,864.195
25.22,864.195
25.24,864.195
25.26,864.195
25.28,864.195
25.30,864.195
25.32,864.195
25.34,863.836
25.36,863.836
25.38,863.836
25.40,863.836
25.42,863.836
25.44,863.836
25.46,863.836
25.48,863.836
25.50,863.836
25.52,863.836
25.54,863.836
25.56,863.586
25.58,863.586
25.60,863.586
25.62,863.586
25.64,863.586
25.66,863.586
25.68,863.586
25.70,863.586
25.72,863.586
25.74,863.586
25.76,863.586
25.78,863.586
25.80,863.586
25.82,863.641
25.84,863.641
25.86,863.641
25.88,863.641
25.90,863.641
25.92,863.641
25.94,863.641
25.96,863.641
25.98,863.641
26.00,863.641
26.02,863.641
26.04,863.641
26.06,863.641
26.08,863.836
26.10,863.836
26.12,863.836
26.14,863.836
26.16,863.836
26.18,863.836
26.20,863.836
26.22,863.836
26.24,863.836
26.26,863.836
26.28,863.586
26.30,863.586
26.32,863.586
26.34,863.586
26.36,863.586
26.38,863.586
26.40,863.586
26.42,863.586
26.44,863.586
26.46,863.586
26.48,863.586
26.50,863.586
26.52,863.586
26.54,863.641
26.56,863.641
26.58,863.641
26.60,863.641
26.62,863.641
26.64,863.641
26.66,863.641
26.68,863.641
26.70,863.641
26.72,863.641
26.74,863.641
26.76,863.641
26.78,863.641
26.80,863.836
26.82,863.836
26.84,863.836
26.86,863.836
26.88,863.836
26.90,863.836
26.92,863.836
26.94,863.836
26.96,863.836
26.98,863.836
27.00,863.586
27.02,863.586
27.04,863.586
27.06,863.586
27.08,863.586
27.10,863.586
27.12,863.586
27.14,863.586
27.16,863.586
27.18,863.586
27.20,863.586
27.22,863.586
27.24,863.586
27.26,863.641
27.28,863.641
27.30,863.641
27.32,863.641
27.34,863.641
27.36,863.641
27.38,863.641
27.40,863.641
27.42,863.641
27.44,863.641
27.46,863.641
27.48,863.641
27.50,863.641
27.52,863.836
27.54,863.836
27.56,863.836
27.58,863.836
27.60,863.836
27.62,863.836
27.64,863.836
27.66,863.836
27.68,863.836
27.70,863.836
27.72,863.586
27.74,863.586
27.76,863.586
27.78,863.586
27.80,863.586
27.82,863.586
27.84,863.586
27.86,863.586
27.88,863.586
27.90,863.586
27.92,863.586
27.94,863.586
27.96,863.586
27.98,863.641
28.00,863.641
28.02,863.641
28.04,863.641
28.06,863.641
28.08,863.641
28.10,863.641
28.12,863.641
28.14,863.641
28.16,863.641
28.18,863.641
28.20,863.641
28.22,863.641
28.24,863.836
28.26,863.836
28.28,863.836
28.30,863.836
28.32,863.836
28.34,863.836
28.36,863.836
28.38,863.836
28.40,863.836
28.42,863.836
28.44,863.586
28.46,863.586
28.48,863.586
28.50,863.586
28.52,863.586
28.54,863.586
28.56,863.586
28.58,863.586
28.60,863.586
28.62,863.586
28.64,863.586
28.66,863.586
28.68,863.586
28.70,863.641
28.72,863.641
28.74,863.641
28.76,863.641
28.78,863.641
28.80,863.641
28.82,863.641
28.84,863.641
28.86,863.641
28.88,863.641
28.90,863.641
28.92,863.641
28.94,863.641
28.96,863.836
28.98,863.836
29.00,863.836
29.02,863.836
29.04,863.836
29.06,863.836
29.08,863.836
29.10,863.836
29.12,863.836
29.14,863.836
29.16,863.586
29.18,863.586
29.20,863.586
29.22,863.586
29.24,863.586
29.26,863.586
29.28,863.586
29.30,863.586
29.32,863.586
29.34,863.586
29.36,863.586
29.38,863.586
29.40,863.586
29.42,863.641
29.44,863.641
29.46,863.641
29.48,863.641
29.50,863.641
29.52,863.641
29.54,863.641
29.56,863.641
29.58,863.641
29.60,863.641
29.62,863.641
29.64,863.641
29.66,863.641
29.68,863.836
29.70,863.836
29.72,863.836
29.74,863.836
29.76,863.836
29.78,863.836
29.80,863.836
29.82,863.836
29.84,863.836
29.86,863.836
29.88,863.586
29.90,863.586
29.92,863.586
29.94,863.586
29.96,863.586
29.98,863.586
30.00,863.586
30.02,863.586
30.04,863.586
30.06,863.586
30.08,863.586
30.10,863.586
30.12,863.586
30.14,863.641
30.16,863.641
30.18,863.641
30.20,863.641
30.22,863.641
30.24,863.641
30.26,863.641
30.28,863.641
30.30,863.641
30.32,863.641
30.34,863.641
30.36,863.641
30.38,863.641
30.40,863.836
30.42,863.836
30.44,863.836
30.46,863.836
30.48,863.836
30.50,863.836
30.52,863.836
30.54,863.836
30.56,863.836
30.58,863.836
30.60,863.586
30.62,863.586
30.64,863.586
30.66,863.586
30.68,863.586
30.70,863.586
30.72,863.586
30.74,863.586
30.76,863.586
30.78,863.586
30.80,863.586
30.82,863.586
30.84,863.586
30.86,863.641
30.88,863.641
30.90,863.641
30.92,863.641
30.94,863.641
30.96,863.641
30.98,863.641
31.00,863.641
31.02,863.641
31.04,863.641
31.06,863.641
31.08,863.641
31.10,863.641
31.12,863.836
31.14,863.836
31.16,863.836
31.18,863.836
31.20,863.836
31.22,863.836
31.24,863.836
31.26,863.836
31.28,863.836
31.30,863.836
31.32,863.586
31.34,863.586
31.36,863.586
31.38,863.586
31.40,863.586
31.42,863.586
31.44,863.586
31.46,863.586
31.48,863.586
31.50,863.586
31.52,863.586
31.54,863.586
31.56,863.586
31.58,863.641
31.60,863.641
31.62,863.641
31.64,863.641
31.66,863.641
31.68,863.641
31.70,863.641
31.72,863.641
31.74,863.641
31.76,863.641
31.78,863.641
31.80,863.641
31.82,863.641
31.84,863.836
31.86,863.836
31.88,863.836
31.90,863.836
31.92,863.836
31.94,863.836
31.96,863.836
31.98,863.836
32.00,863.836
32.02,863.836
32.04,863.586
32.06,863.586
32.08,863.586
32.10,863.586
32.12,863.586
32.14,863.586
32.16,863.586
32.18,863.586
32.20,863.586
32.22,863.586
32.24,863.586
32.26,863.586
32.28,863.586
32.30,863.641
32.32,863.641
32.34,863.641
32.36,863.641
32.38,863.641
32.40,863.641
32.42,863.641
32.44,863.641
32.46,863.641
32.48,863.641
32.50,863.641
32.52,863.641
32.54,863.641
32.56,863.641
32.58,863.641
32.60,863.641
32.62,863.641
32.64,863.641
32.66,863.641
32.68,863.641
32.70,863.641
32.72,863.641
32.74,863.641
32.76,863.641
32.78,863.641
32.80,863.641
32.82,863.641
32.84,863.641
32.86,863.641
32.88,863.641
32.90,863.641
32.92,863.641
32.94,863.641
32.96,863.641
32.98,863.641
33.00,863.641
33.02,863.641
33.04,863.641
33.06,863.641
33.08,863.641
33.10,863.641
33.12,863.641
33.14,863.641
33.16,863.641
33.18,863.641
33.20,863.641
33.22,863.641
33.24,863.641
33.26,863.641
33.28,863.641
33.30,863.641
33.32,863.641
33.34,863.641
33.36,863.641
33.38,863.641
33.40,863.641
33.42,863.641
33.44,863.641
33.46,863.641
33.48,863.641
33.50,863.641
33.52,863.641
33.54,863.641
33.56,863.641
33.58,863.641
33.60,863.641
33.62,863.641
33.64,863.641
33.66,863.641
33.68,863.641
33.70,863.641
33.72,863.641
33.74,863.641
33.76,863.641
33.78,863.641
33.80,863.641
33.82,863.641
33.84,863.641
33.86,863.641
33.88,863.641
33.90,863.641
33.92,863.641
33.94,863.641
33.96,863.641
33.98,863.641
34.00,863.641
34.02,863.641
34.04,863.641
34.06,863.641
34.08,863.641
34.10,863.641
34.12,863.641
34.14,863.641
34.16,863.641
34.18,863.641
34.20,863.641
34.22,863.641
34.24,863.641
34.26,863.641
34.28,863.641
34.30,863.641
34.32,863.641
34.34,863.641
34.36,863.641
34.38,863.641
34.40,863.641
34.42,863.641
34.44,863.641
34.46,863.641
34.48,863.641
34.50,863.641
34.52,863.641
34.54,863.641
34.56,863.641
34.58,863.641
34.60,863.641
34.62,863.641
34.64,863.641
34.66,863.641
34.68,863.641
34.70,863.641
34.72,863.641
34.74,863.641
34.76,863.641
34.78,863.641
34.80,863.641
34.82,863.641
34.84,863.641
34.86,863.641
34.88,863.641
34.90,863.641
34.92,863.641
34.94,863.641
34.96,863.641
34.98,863.641
35.00,863.641
35.02,863.641
35.04,863.641
35.06,863.641
35.08,863.641
35.10,863.641
35.12,863.641
35.14,863.641
35.16,863.641
35.18,863.641
35.20,863.641
35.22,863.641
35.24,863.641
35.26,863.641
35.28,863.641
35.30,863.641
35.32,863.641
35.34,863.641
35.36,863.641
35.38,863.641
35.40,863.641
35.42,863.641
35.44,863.641
35.46,863.641
35.48,863.641
35.50,863.641
35.52,863.641
35.54,863.641
35.56,863.641
35.58,863.641
35.60,863.641
35.62,863.641
35.64,863.641
35.66,863.641
35.68,863.641
35.70,863.641
35.72,863.641
35.74,863.641
35.76,863.641
35.78,863.641
35.80,863.641
35.82,863.641
35.84,863.641
35.86,863.641
35.88,863.641
35.90,863.641
35.92,863.641
35.94,863.641
35.96,863.641
35.98,863.641
36.00,863.641
36.02,863.641
36.04,863.641
36.06,863.641
36.08,863.641
36.10,863.641
36.12,863.641
36.14,863.641
36.16,863.641
36.18,863.641
36.20,863.781
36.22,863.781
36.24,863.781
36.26,863.781
36.28,863.781
36.30,863.781
36.32,863.781
36.34,863.781
36.36,863.781
36.38,863.781
36.40,863.781
36.42,863.781
36.44,863.781
36.46,864.016
36.48,864.016
36.50,864.016
36.52,864.016
36.54,864.016
36.56,864.016
36.58,864.016
36.60,864.016
36.62,864.016
36.64,864.016
36.66,864.016
36.68,864.297
36.70,864.297
36.72,864.297
36.74,864.297
36.76,864.297
36.78,864.297
36.80,864.297
36.82,864.297
36.84,864.297
36.86,864.297
36.88,864.297
36.90,864.422
36.92,864.422
36.94,864.422
36.96,864.422
36.98,864.422
37.00,864.422
37.02,864.422
37.04,864.422
37.06,864.422
37.08,864.422
37.10,864.422
37.12,864.422
37.14,864.422
37.16,864.328
37.18,864.328
37.20,864.328
37.22,864.328
37.24,864.328
37.26,864.328
37.28,864.328
37.30,864.328
37.32,864.328
37.34,864.328
37.36,864.367
37.38,864.367
37.40,864.367
37.42,864.367
37.44,864.367
37.46,864.367
37.48,864.367
37.50,864.367
37.52,864.367
37.54,864.367
37.56,864.367
37.58,864.391
37.60,864.391
37.62,864.391
37.64,864.391
37.66,864.391
37.68,864.391
37.70,864.391
37.72,864.391
37.74,864.391
37.76,864.391
37.78,864.391
37.80,864.391
37.82,864.141
37.84,864.141
37.86,864.141
37.88,864.141
37.90,864.141
37.92,864.141
37.94,864.141
37.96,864.141
37.98,864.141
38.00,864.141
38.02,864.141
38.04,864.078
38.06,864.078
38.08,864.078
38.10,864.078
38.12,864.078
38.14,864.078
38.16,864.078
38.18,864.078
38.20,864.078
38.22,864.078
38.24,863.797
38.26,863.797
38.28,863.797
38.30,863.797
38.32,863.797
38.34,863.797
38.36,863.797
38.38,863.797
38.40,863.797
38.42,863.797
38.44,863.797
38.46,863.797
38.48,863.797
38.50,863.797
38.52,863.828
38.54,863.828
38.56,863.828
38.58,863.828
38.60,863.828
38.62,863.828
38.64,863.828
38.66,863.828
38.68,863.828
38.70,864.188
38.72,864.188
38.74,864.188
38.76,864.188
38.78,864.188
38.80,864.188
38.82,864.188
38.84,864.188
38.86,864.188
38.88,864.188
38.90,864.188
38.92,864.188
38.94,864.188
38.96,864.188
38.98,864.266
39.00,864.266
39.02,864.266
39.04,864.266
39.06,864.266
39.08,864.266
39.10,864.266
39.12,864.266
39.14,864.266
39.16,864.484
39.18,864.484
39.20,864.484
39.22,864.484
39.24,864.484
39.26,864.484
39.28,864.484
39.30,864.484
39.32,864.484
39.34,864.484
39.36,864.484
39.38,864.484
39.40,864.438
39.42,864.438
39.44,864.438
39.46,864.438
39.48,864.438
39.50,864.438
39.52,864.438
39.54,864.438
39.56,864.438
39.58,864.438
39.60,864.461
39.62,864.461
39.64,864.461
39.66,864.461
39.68,864.461
39.70,864.461
39.72,864.461
39.74,864.461
39.76,864.461
39.78,864.461
39.80,864.461
39.82,864.641
39.84,864.641
39.86,864.641
39.88,864.641
39.90,864.641
39.92,864.641
39.94,864.641
39.96,864.641
39.98,864.641
40.00,864.641
40.02,864.508
40.04,864.508
40.06,864.508
40.08,864.508
40.10,864.508
40.12,864.508
40.14,864.508
40.16,864.508
40.18,864.508
40.20,864.508
40.22,864.508
40.24,864.625
40.26,864.625
40.28,864.625
40.30,864.625
40.32,864.625
40.34,864.625
40.36,864.625
40.38,864.625
40.40,864.625
40.42,981.516
40.44,981.516
40.46,981.516
40.48,981.516
40.50,981.516
40.52,981.516
40.54,981.516
40.56,981.516
40.58,981.516
40.60,981.516
40.62,981.516
40.64,1164.664
40.66,1164.664
40.68,1164.664
40.70,1164.664
40.72,1164.664
40.74,1164.664
40.76,1164.664
40.78,1164.664
40.80,1164.664
40.82,1164.664
40.84,1367.813
40.86,1367.813
40.88,1367.813
40.90,1367.813
40.92,1367.813
40.94,1367.813
40.96,1367.813
40.98,1367.813
41.00,1367.813
41.02,1367.813
41.04,1367.813
41.06,1367.813
41.08,1578.289
41.10,1578.289
41.12,1578.289
41.14,1578.289
41.16,1578.289
41.18,1578.289
41.20,1578.289
41.22,1578.289
41.24,1578.289
41.26,1578.289
41.28,1578.289
41.30,1578.289
41.32,1673.828
41.34,1673.828
41.36,1673.828
41.38,1673.828
41.40,1673.828
41.42,1673.828
41.44,1673.828
41.46,1673.828
41.48,1673.828
41.50,1673.828
41.52,1673.828
41.54,1703.125
41.56,1703.125
41.58,1703.125
41.60,1703.125
41.62,1703.125
41.64,1703.125
41.66,1703.125
41.68,1703.125
41.70,1703.125
41.72,1703.125
41.74,1712.766
41.76,1712.766
41.78,1712.766
41.80,1712.766
41.82,1712.766
41.84,1712.766
41.86,1712.766
41.88,1712.766
41.90,1712.766
41.92,1712.766
41.94,1712.766
41.96,1714.789
41.98,1714.789
42.00,1714.789
42.02,1714.789
42.04,1714.789
42.06,1714.789
42.08,1714.789
42.10,1714.789
42.12,1714.789
42.14,1714.789
42.16,1714.789
42.18,1714.789
42.20,1714.789
42.22,1715.102
42.24,1715.102
42.26,1715.102
42.28,1715.102
42.30,1715.102
42.32,1715.102
42.34,1715.102
42.36,1715.102
42.38,1715.102
42.40,1715.102
42.42,1715.102
42.44,1715.102
42.46,1715.344
42.48,1715.344
42.50,1715.344
42.52,1715.344
42.54,1715.344
42.56,1715.344
42.58,1715.344
42.60,1715.344
42.62,1715.344
42.64,1715.344
42.66,1715.664
42.68,1715.664
42.70,1715.664
42.72,1715.664
42.74,1715.664
42.76,1715.664
42.78,1715.664
42.80,1715.664
42.82,1715.664
42.84,1715.664
42.86,1715.984
42.88,1715.984
42.90,1715.984
42.92,1715.984
42.94,1715.984
42.96,1715.984
42.98,1715.984
43.00,1715.984
43.02,1715.984
43.04,1715.984
43.06,1715.984
43.08,1715.984
43.10,1715.984
43.12,1715.984
43.14,1715.984
43.16,1716.086
43.18,1716.086
43.20,1716.086
43.22,1716.086
43.24,1716.086
43.26,1716.086
43.28,1716.086
43.30,1716.086
43.32,1716.086
43.34,1716.086
43.36,1715.828
43.38,1715.828
43.40,1715.828
43.42,1715.828
43.44,1715.828
43.46,1715.828
43.48,1715.828
43.50,1715.828
43.52,1715.828
43.54,1715.828
43.56,1715.828
43.58,1715.828
43.60,1715.828
43.62,1715.453
43.64,1715.453
43.66,1715.453
43.68,1715.453
43.70,1715.453
43.72,1715.453
43.74,1715.453
43.76,1715.453
43.78,1715.453
43.80,1715.125
43.82,1715.125
43.84,1715.125
43.86,1715.125
43.88,1715.125
43.90,1715.125
43.92,1715.125
43.94,1715.125
43.96,1715.125
43.98,1715.125
44.00,1715.125
44.02,1715.125
44.04,1715.125
44.06,1714.648
44.08,1714.648
44.10,1714.648
44.12,1714.648
44.14,1714.648
44.16,1714.648
44.18,1714.648
44.20,1714.648
44.22,1714.648
44.24,1714.648
44.26,1714.648
44.28,1714.648
44.30,1714.438
44.32,1714.438
44.34,1714.438
44.36,1714.438
44.38,1714.438
44.40,1714.438
44.42,1714.438
44.44,1714.438
44.46,1714.438
44.48,1714.438
44.50,1714.438
44.52,1714.445
44.54,1714.445
44.56,1714.445
44.58,1714.445
44.60,1714.445
44.62,1714.445
44.64,1714.445
44.66,1714.445
44.68,1714.445
44.70,1714.445
44.72,1714.445
44.74,1714.563
44.76,1714.563
44.78,1714.563
44.80,1714.563
44.82,1714.563
44.84,1714.563
44.86,1714.563
44.88,1714.563
44.90,1714.563
44.92,1714.563
44.94,1714.648
44.96,1714.648
44.98,1714.648
45.00,1714.648
45.02,1714.648
45.04,1714.648
45.06,1714.648
45.08,1714.648
45.10,1714.648
45.12,1714.648
45.14,1714.648
45.16,1714.648
45.18,1714.648
45.20,1714.984
45.22,1714.984
45.24,1714.984
45.26,1714.984
45.28,1714.984
45.30,1714.984
45.32,1714.984
45.34,1714.984
45.36,1714.984
45.38,1714.984
45.40,1714.984
45.42,1715.438
45.44,1715.438
45.46,1715.438
45.48,1715.438
45.50,1715.438
45.52,1715.438
45.54,1715.438
45.56,1715.438
45.58,1715.438
45.60,1715.438
45.62,1715.438
45.64,1715.438
45.66,1715.438
45.68,1715.688
45.70,1715.688
45.72,1715.688
45.74,1715.688
45.76,1715.688
45.78,1715.688
45.80,1715.688
45.82,1715.688
45.84,1715.688
45.86,1715.688
45.88,1715.688
45.90,1715.688
45.92,1715.852
45.94,1715.852
45.96,1715.852
45.98,1715.852
46.00,1715.852
46.02,1715.852
46.04,1715.852
46.06,1715.852
46.08,1715.852
46.10,1715.852
46.12,1715.852
46.14,1715.852
46.16,1716
46.18,1716
46.20,1716
46.22,1716
46.24,1716
46.26,1716
46.28,1716
46.30,1716
46.32,1716
46.34,1716
46.36,1716
46.38,1716
46.40,1715.953
46.42,1715.953
46.44,1715.953
46.46,1715.953
46.48,1715.953
46.50,1715.953
46.52,1715.953
46.54,1715.953
46.56,1715.953
46.58,1715.953
46.60,1715.953
46.62,1715.953
46.64,1715.547
46.66,1715.547
46.68,1715.547
46.70,1715.547
46.72,1715.547
46.74,1715.547
46.76,1715.547
46.78,1715.547
46.80,1715.547
46.82,1715.547
46.84,1715.547
46.86,1715.547
46.88,1715.461
46.90,1715.461
46.92,1715.461
46.94,1715.461
46.96,1715.461
46.98,1715.461
47.00,1715.461
47.02,1715.461
47.04,1715.461
47.06,1715.461
47.08,1715.461
47.10,1715.461
47.12,1715.188
47.14,1715.188
47.16,1715.188
47.18,1715.188
47.20,1715.188
47.22,1715.188
47.24,1715.188
47.26,1715.188
47.28,1715.188
47.30,1715.188
47.32,1715.188
47.34,1714.672
47.36,1714.672
47.38,1714.672
47.40,1714.672
47.42,1714.672
47.44,1714.672
47.46,1714.672
47.48,1714.672
47.50,1714.672
47.52,1714.672
47.54,1714.672
47.56,1714.672
47.58,1714.672
47.60,1714.578
47.62,1714.578
47.64,1714.578
47.66,1714.578
47.68,1714.578
47.70,1714.578
47.72,1714.578
47.74,1714.578
47.76,1714.578
47.78,1714.602
47.80,1714.602
47.82,1714.602
47.84,1714.602
47.86,1714.602
47.88,1714.602
47.90,1714.602
47.92,1714.602
47.94,1714.602
47.96,1714.602
47.98,1714.602
48.00,1714.602
48.02,1714.602
48.04,1714.602
48.06,1714.602
48.08,1714.602
48.10,1714.828
48.12,1714.828
48.14,1714.828
48.16,1714.828
48.18,1714.828
48.20,1714.828
48.22,1714.828
48.24,1714.828
48.26,1715.289
48.28,1715.289
48.30,1715.289
48.32,1715.289
48.34,1715.289
48.36,1715.289
48.38,1715.289
48.40,1715.289
48.42,1715.289
48.44,1715.289
48.46,1715.289
48.48,1715.289
48.50,1715.289
48.52,1715.422
48.54,1715.422
48.56,1715.422
48.58,1715.422
48.60,1715.422
48.62,1715.422
48.64,1715.422
48.66,1715.422
48.68,1715.422
48.70,1715.422
48.72,1715.477
48.74,1715.477
48.76,1715.477
48.78,1715.477
48.80,1715.477
48.82,1715.477
48.84,1715.477
48.86,1715.477
48.88,1715.477
48.90,1715.477
48.92,1715.477
48.94,1715.477
48.96,1715.734
48.98,1715.734
49.00,1715.734
49.02,1715.734
49.04,1715.734
49.06,1715.734
49.08,1715.734
49.10,1715.734
49.12,1715.734
49.14,1715.734
49.16,1715.734
49.18,1715.734
49.20,1715.734
49.22,1715.734
49.24,1715.563
49.26,1715.563
49.28,1715.563
49.30,1715.563
49.32,1715.563
49.34,1715.563
49.36,1715.563
49.38,1715.563
49.40,1715.563
49.42,1715.563
49.44,1715.297
49.46,1715.297
49.48,1715.297
49.50,1715.297
49.52,1715.297
49.54,1715.297
49.56,1715.297
49.58,1715.297
49.60,1715.297
49.62,1715.297
49.64,1715.031
49.66,1715.031
49.68,1715.031
49.70,1715.031
49.72,1715.031
49.74,1715.031
49.76,1715.031
49.78,1715.031
49.80,1715.031
49.82,1715.031
49.84,1715.031
49.86,1715.031
49.88,1714.75
49.90,1714.75
49.92,1714.75
49.94,1714.75
49.96,1714.75
49.98,1714.75
50.00,1714.75
50.02,1714.75
50.04,1714.75
50.06,1714.75
50.08,1714.75
50.10,1714.75
50.12,1714.5
50.14,1714.5
50.16,1714.5
50.18,1714.5
50.20,1714.5
50.22,1714.5
50.24,1714.5
50.26,1714.5
50.28,1714.5
50.30,1714.5
50.32,1714.5
50.34,1714.672
50.36,1714.672
50.38,1714.672
50.40,1714.672
50.42,1714.672
50.44,1714.672
50.46,1714.672
50.48,1714.672
50.50,1714.672
50.52,1714.672
50.54,1714.672
50.56,1714.672
50.58,1715.188
50.60,1715.188
50.62,1715.188
50.64,1715.188
50.66,1715.188
50.68,1715.188
50.70,1715.188
50.72,1715.188
50.74,1715.188
50.76,1715.32
50.78,1715.32
50.80,1715.32
50.82,1715.32
50.84,1715.32
50.86,1715.32
50.88,1715.32
50.90,1715.32
50.92,1715.32
50.94,1715.32
50.96,1715.32
50.98,1715.594
51.00,1715.594
51.02,1715.594
51.04,1715.594
51.06,1715.594
51.08,1715.594
51.10,1715.594
51.12,1715.594
51.14,1715.594
51.16,1715.594
51.18,1715.594
51.20,1715.594
51.22,1715.594
51.24,1715.594
51.26,1715.602
51.28,1715.602
51.30,1715.602
51.32,1715.602
51.34,1715.602
51.36,1715.602
51.38,1715.602
51.40,1715.602
51.42,1715.602
51.44,1715.602
51.46,1715.602
51.48,1715.602
51.50,1715.602
51.52,1714.984
51.54,1714.984
51.56,1714.984
51.58,1714.984
51.60,1714.984
51.62,1714.984
51.64,1714.984
51.66,1714.984
51.68,1714.984
51.70,1714.625
51.72,1714.625
51.74,1714.625
51.76,1714.625
51.78,1714.625
51.80,1714.625
51.82,1714.625
51.84,1714.625
51.86,1714.625
51.88,1714.625
51.90,1714.625
51.92,1714.625
51.94,1714.625
51.96,1714.578
51.98,1714.578
52.00,1714.578
52.02,1714.578
52.04,1714.578
52.06,1714.578
52.08,1714.578
52.10,1714.578
52.12,1714.578
52.14,1714.578
52.16,1714.578
52.18,1714.578
52.20,1714.734
52.22,1714.734
52.24,1714.734
52.26,1714.734
52.28,1714.734
52.30,1714.734
52.32,1714.734
52.34,1714.734
52.36,1714.734
52.38,1714.734
52.40,1714.734
52.42,1714.734
52.44,1714.734
52.46,1715.414
52.48,1715.414
52.50,1715.414
52.52,1715.414
52.54,1715.414
52.56,1715.414
52.58,1715.414
52.60,1715.414
52.62,1715.414
52.64,1715.414
52.66,1715.414
52.68,1715.797
52.70,1715.797
52.72,1715.797
52.74,1715.797
52.76,1715.797
52.78,1715.797
52.80,1715.797
52.82,1715.797
52.84,1715.797
52.86,1715.797
52.88,1715.797
52.90,1715.797
52.92,1715.797
52.94,1716.07
52.96,1716.07
52.98,1716.07
53.00,1716.07
53.02,1716.07
53.04,1716.07
53.06,1716.07
53.08,1716.07
53.10,1716.07
53.12,1716.07
53.14,1716.047
53.16,1716.047
53.18,1716.047
53.20,1716.047
53.22,1716.047
53.24,1716.047
53.26,1716.047
53.28,1716.047
53.30,1716.047
53.32,1716.047
53.34,1716.047
53.36,1716.047
53.38,1716.047
53.40,1715.617
53.42,1715.617
53.44,1715.617
53.46,1715.617
53.48,1715.617
53.50,1715.617
53.52,1715.617
53.54,1715.617
53.56,1715.617
53.58,1715.617
53.60,1715.289
53.62,1715.289
53.64,1715.289
53.66,1715.289
53.68,1715.289
53.70,1715.289
53.72,1715.289
53.74,1715.289
53.76,1715.289
53.78,1715.289
53.80,1714.914
53.82,1714.914
53.84,1714.914
53.86,1714.914
53.88,1714.914
53.90,1714.914
53.92,1714.914
53.94,1714.914
53.96,1714.914
53.98,1714.914
54.00,1714.914
54.02,1714.75
54.04,1714.75
54.06,1714.75
54.08,1714.75
54.10,1714.75
54.12,1714.75
54.14,1714.75
54.16,1714.75
54.18,1714.75
54.20,1714.75
54.22,1714.75
54.24,1714.672
54.26,1714.672
54.28,1714.672
54.30,1714.672
54.32,1714.672
54.34,1714.672
54.36,1714.672
54.38,1714.672
54.40,1714.672
54.42,1714.672
54.44,1714.672
54.46,1714.672
54.48,1714.711
54.50,1714.711
54.52,1714.711
54.54,1714.711
54.56,1714.711
54.58,1714.711
54.60,1714.711
54.62,1714.711
54.64,1714.711
54.66,1714.711
54.68,1714.711
54.70,1714.734
54.72,1714.734
54.74,1714.734
54.76,1714.734
54.78,1714.734
54.80,1714.734
54.82,1714.734
54.84,1714.734
54.86,1714.734
54.88,1714.734
54.90,1714.734
54.92,1714.734
54.94,1714.734
54.96,1715.008
54.98,1715.008
55.00,1715.008
55.02,1715.008
55.04,1715.008
55.06,1715.008
55.08,1715.008
55.10,1715.008
55.12,1715.008
55.14,1715.008
55.16,1715.461
55.18,1715.461
55.20,1715.461
55.22,1715.461
55.24,1715.461
55.26,1715.461
55.28,1715.461
55.30,1715.461
55.32,1715.461
55.34,1715.461
55.36,1715.461
55.38,1715.688
55.40,1715.688
55.42,1715.688
55.44,1715.688
55.46,1715.688
55.48,1715.688
55.50,1715.688
55.52,1715.688
55.54,1715.688
55.56,1715.688
55.58,1715.688
55.60,1715.688
55.62,1715.836
55.64,1715.836
55.66,1715.836
55.68,1715.836
55.70,1715.836
55.72,1715.836
55.74,1715.836
55.76,1715.836
55.78,1715.836
55.80,1715.836
55.82,1715.836
55.84,1715.836
55.86,1715.836
55.88,1715.734
55.90,1715.734
55.92,1715.734
55.94,1715.734
55.96,1715.734
55.98,1715.734
56.00,1715.734
56.02,1715.734
56.04,1715.734
56.06,1715.734
56.08,1715.375
56.10,1715.375
56.12,1715.375
56.14,1715.375
56.16,1715.375
56.18,1715.375
56.20,1715.375
56.22,1715.375
56.24,1715.375
56.26,1715.375
56.28,1715.375
56.30,1715.375
56.32,1715.375
56.34,1715.375
56.36,1715.063
56.38,1715.063
56.40,1715.063
56.42,1715.063
56.44,1715.063
56.46,1715.063
56.48,1715.063
56.50,1715.063
56.52,1715.063
56.54,1714.711
56.56,1714.711
56.58,1714.711
56.60,1714.711
56.62,1714.711
56.64,1714.711
56.66,1714.711
56.68,1714.711
56.70,1714.711
56.72,1714.711
56.74,1714.711
56.76,1714.711
56.78,1714.711
56.80,1715.023
56.82,1715.023
56.84,1715.023
56.86,1715.023
56.88,1715.023
56.90,1715.023
56.92,1715.023
56.94,1715.023
56.96,1715.023
56.98,1715.023
57.00,1715.141
57.02,1715.141
57.04,1715.141
57.06,1715.141
57.08,1715.141
57.10,1715.141
57.12,1715.141
57.14,1715.141
57.16,1715.141
57.18,1715.141
57.20,1715.141
57.22,1715.141
57.24,1715.344
57.26,1715.344
57.28,1715.344
57.30,1715.344
57.32,1715.344
57.34,1715.344
57.36,1715.344
57.38,1715.344
57.40,1715.344
57.42,1715.344
57.44,1715.734
57.46,1715.734
57.48,1715.734
57.50,1715.734
57.52,1715.734
57.54,1715.734
57.56,1715.734
57.58,1715.734
57.60,1715.734
57.62,1715.734
57.64,1715.734
57.66,1715.523
57.68,1715.523
57.70,1715.523
57.72,1715.523
57.74,1715.523
57.76,1715.523
57.78,1715.523
57.80,1715.523
57.82,1715.523
57.84,1715.523
57.86,1715.523
57.88,1715.523
57.90,1715.523
57.92,1715.594
57.94,1715.594
57.96,1715.594
57.98,1715.594
58.00,1715.594
58.02,1715.594
58.04,1715.594
58.06,1715.594
58.08,1715.594
58.10,1715.594
58.12,1715.594
58.14,1715.609
58.16,1715.609
58.18,1715.609
58.20,1715.609
58.22,1715.609
58.24,1715.609
58.26,1715.609
58.28,1715.609
58.30,1715.609
58.32,1715.609
58.34,1715.609
58.36,1715.086
58.38,1715.086
58.40,1715.086
58.42,1715.086
58.44,1715.086
58.46,1715.086
58.48,1715.086
58.50,1715.086
58.52,1715.086
58.54,1715.086
58.56,1715.086
58.58,1715.086
58.60,1714.891
58.62,1714.891
58.64,1714.891
58.66,1714.891
58.68,1714.891
58.70,1714.891
58.72,1714.891
58.74,1714.891
58.76,1714.891
58.78,1714.891
58.80,1714.891
58.82,1714.891
58.84,1714.672
58.86,1714.672
58.88,1714.672
58.90,1714.672
58.92,1714.672
58.94,1714.672
58.96,1714.672
58.98,1714.672
59.00,1714.672
59.02,1714.672
59.04,1714.672
59.06,1714.797
59.08,1714.797
59.10,1714.797
59.12,1714.797
59.14,1714.797
59.16,1714.797
59.18,1714.797
59.20,1714.797
59.22,1714.797
59.24,1714.797
59.26,1714.797
59.28,1715.453
59.30,1715.453
59.32,1715.453
59.34,1715.453
59.36,1715.453
59.38,1715.453
59.40,1715.453
59.42,1715.453
59.44,1715.453
59.46,1715.453
59.48,1715.453
59.50,1715.453
59.52,1715.547
59.54,1715.547
59.56,1715.547
59.58,1715.547
59.60,1715.547
59.62,1715.547
59.64,1715.547
59.66,1715.547
59.68,1715.547
59.70,1715.664
59.72,1715.664
59.74,1715.664
59.76,1715.664
59.78,1715.664
59.80,1715.664
59.82,1715.664
59.84,1715.664
59.86,1715.664
59.88,1715.664
59.90,1715.664
59.92,1715.602
59.94,1715.602
59.96,1715.602
59.98,1715.602
60.00,1715.602
60.02,1715.602
60.04,1715.602
60.06,1715.602
60.08,1715.602
60.10,1715.602
60.12,1715.602
60.14,1715.602
60.16,1715.602
60.18,1715.266
60.20,1715.266
60.22,1715.266
60.24,1715.266
60.26,1715.266
60.28,1715.266
60.30,1715.266
60.32,1715.266
60.34,1715.266
60.36,1715.266
60.38,1715.266
60.40,1715.266
60.42,1715.398
60.44,1715.398
60.46,1715.398
60.48,1715.398
60.50,1715.398
60.52,1715.398
60.54,1715.398
60.56,1715.398
60.58,1715.398
60.60,1715.398
60.62,1715.398
60.64,1715.398
60.66,1715.398
60.68,1715.398
60.70,1715.398
60.72,1715.281
60.74,1715.281
60.76,1715.281
60.78,1715.281
60.80,1715.281
60.82,1715.281
60.84,1715.281
60.86,1715.281
60.88,1714.875
60.90,1714.875
60.92,1714.875
60.94,1714.875
60.96,1714.875
60.98,1714.875
61.00,1714.875
61.02,1714.875
61.04,1714.875
61.06,1714.875
61.08,1714.875
61.10,1714.875
61.12,1714.875
61.14,1715.023
61.16,1715.023
61.18,1715.023
61.20,1715.023
61.22,1715.023
61.24,1715.023
61.26,1715.023
61.28,1715.023
61.30,1715.023
61.32,1714.672
61.34,1714.672
61.36,1714.672
61.38,1714.672
61.40,1714.672
61.42,1714.672
61.44,1714.672
61.46,1714.672
61.48,1714.672
61.50,1714.672
61.52,1714.672
61.54,1714.672
61.56,1714.672
61.58,1714.695
61.60,1714.695
61.62,1714.695
61.64,1714.695
61.66,1714.695
61.68,1714.695
61.70,1714.695
61.72,1714.695
61.74,1714.695
61.76,1714.695
61.78,1715.234
61.80,1715.234
61.82,1715.234
61.84,1715.234
61.86,1715.234
61.88,1715.234
61.90,1715.234
61.92,1715.234
61.94,1715.234
61.96,1715.234
61.98,1715.234
62.00,1715.234
62.02,1715.141
62.04,1715.141
62.06,1715.141
62.08,1715.141
62.10,1715.141
62.12,1715.141
62.14,1715.141
62.16,1715.141
62.18,1715.141
62.20,1715.141
62.22,1715.141
62.24,1598.016
62.26,1598.016
62.28,1598.016
62.30,1598.016
62.32,1598.016
62.34,1598.016
62.36,1598.016
62.38,1598.016
62.40,1598.016
62.42,1598.016
62.44,1598.016
62.46,1391.234
62.48,1391.234
62.50,1391.234
62.52,1391.234
62.54,1391.234
62.56,1391.234
62.58,1391.234
62.60,1391.234
62.62,1391.234
62.64,1391.234
62.66,1391.234
62.68,1391.234
62.70,1156.438
62.72,1156.438
62.74,1156.438
62.76,1156.438
62.78,1156.438
62.80,1156.438
62.82,1156.438
62.84,1156.438
62.86,1156.438
62.88,1156.438
62.90,912.047
62.92,912.047
62.94,912.047
62.96,912.047
62.98,912.047
63.00,912.047
63.02,912.047
63.04,912.047
63.06,912.047
63.08,912.047
63.10,912.047
63.12,912.047
63.14,912.047
63.16,783.086
63.18,783.086
63.20,783.086
63.22,783.086
63.24,783.086
63.26,783.086
63.28,783.086
63.30,783.086
63.32,783.086
63.34,741.695
63.36,741.695
63.38,741.695
63.40,741.695
63.42,741.695
63.44,741.695
63.46,741.695
63.48,741.695
63.50,741.695
63.52,741.695
63.54,741.695
63.56,741.695
63.58,727.922
63.60,727.922
63.62,727.922
63.64,727.922
63.66,727.922
63.68,727.922
63.70,727.922
63.72,727.922
63.74,727.922
63.76,727.922
63.78,727.922
63.80,727.922
63.82,724.25
63.84,724.25
63.86,724.25
63.88,724.25
63.90,724.25
63.92,724.25
63.94,724.25
63.96,724.25
63.98,724.25
64.00,724.25
64.02,724.25
64.04,722.352
64.06,722.352
64.08,722.352
64.10,722.352
64.12,722.352
64.14,722.352
64.16,722.352
64.18,722.352
64.20,722.352
64.22,722.352
64.24,722.352
64.26,722.352
64.28,722.891
64.30,722.891
64.32,722.891
64.34,722.891
64.36,722.891
64.38,722.891
64.40,722.891
64.42,722.891
64.44,722.891
64.46,722.891
64.48,722.891
64.50,722.891
64.52,722.891
64.54,722.891
64.56,722.891
64.58,722.891
64.60,722.891
64.62,722.891
64.64,722.891
64.66,722.891
64.68,722.891
64.70,722.891
64.72,722.891
64.74,722.891
64.76,722.984
64.78,722.984
64.80,722.984
64.82,722.984
64.84,722.984
64.86,722.984
64.88,722.984
64.90,722.984
64.92,722.984
64.94,722.984
64.96,722.984
64.98,722.984
65.00,722.984
65.02,722.984
65.04,722.789
65.06,722.789
65.08,722.789
65.10,722.789
65.12,722.789
65.14,722.789
65.16,722.789
65.18,722.789
65.20,722.789
65.22,722.375
65.24,722.375
65.26,722.375
65.28,722.375
65.30,722.375
65.32,722.375
65.34,722.375
65.36,722.375
65.38,722.375
65.40,722.375
65.42,722.375
65.44,722.375
65.46,722.375
65.48,722.313
65.50,722.313
65.52,722.313
65.54,722.313
65.56,722.313
65.58,722.313
65.60,722.313
65.62,722.313
65.64,722.313
65.66,721.891
65.68,721.891
65.70,721.891
65.72,721.891
65.74,721.891
65.76,721.891
65.78,721.891
65.80,721.891
65.82,721.891
65.84,721.891
65.86,721.891
65.88,721.891
65.90,721.891
65.92,721.891
65.94,721.891
65.96,721.891
65.98,721.891
66.00,721.891
66.02,721.891
66.04,721.891
66.06,721.891
66.08,721.891
66.10,721.891
66.12,721.891
66.14,721.891
66.16,721.891
66.18,721.711
66.20,721.711
66.22,721.711
66.24,721.711
66.26,721.711
66.28,721.711
66.30,721.711
66.32,721.711
66.34,721.711
66.36,721.711
66.38,721.711
66.40,721.711
66.42,721.859
66.44,721.859
66.46,721.859
66.48,721.859
66.50,721.859
66.52,721.859
66.54,721.859
66.56,721.859
66.58,721.859
66.60,721.859
66.62,721.859
66.64,721.859
66.66,722.422
66.68,722.422
66.70,722.422
66.72,722.422
66.74,722.422
66.76,722.422
66.78,722.422
66.80,722.422
66.82,722.422
66.84,722.422
66.86,722.422
66.88,722.625
66.90,722.625
66.92,722.625
66.94,722.625
66.96,722.625
66.98,722.625
67.00,722.625
67.02,722.625
67.04,722.625
67.06,722.625
67.08,722.625
67.10,722.625
67.12,722.984
67.14,722.984
67.16,722.984
67.18,722.984
67.20,722.984
67.22,722.984
67.24,722.984
67.26,722.984
67.28,722.984
67.30,722.984
67.32,722.984
67.34,723.289
67.36,723.289
67.38,723.289
67.40,723.289
67.42,723.289
67.44,723.289
67.46,723.289
67.48,723.289
67.50,723.289
67.52,723.289
67.54,723.289
67.56,722.844
67.58,722.844
67.60,722.844
67.62,722.844
67.64,722.844
67.66,722.844
67.68,722.844
67.70,722.844
67.72,722.844
67.74,722.844
67.76,722.844
67.78,722.609
67.80,722.609
67.82,722.609
67.84,722.609
67.86,722.609
67.88,722.609
67.90,722.609
67.92,722.609
67.94,722.609
67.96,722.609
67.98,722.609
68.00,722.609
68.02,722.609
68.04,721.922
68.06,721.922
68.08,721.922
68.10,721.922
68.12,721.922
68.14,721.922
68.16,721.922
68.18,721.922
68.20,721.922
68.22,721.922
68.24,721.477
68.26,721.477
68.28,721.477
68.30,721.477
68.32,721.477
68.34,721.477
68.36,721.477
68.38,721.477
68.40,721.477
68.42,721.477
68.44,721.477
68.46,721.477
68.48,721.508
68.50,721.508
68.52,721.508
68.54,721.508
68.56,721.508
68.58,721.508
68.60,721.508
68.62,721.508
68.64,721.508
68.66,721.508
68.68,721.641
68.70,721.641
68.72,721.641
68.74,721.641
68.76,721.641
68.78,721.641
68.80,721.641
68.82,721.641
68.84,721.641
68.86,721.641
68.88,721.641
68.90,721.641
68.92,721.641
68.94,721.641
68.96,721.641
68.98,721.641
69.00,722.289
69.02,722.289
69.04,722.289
69.06,722.289
69.08,722.289
69.10,722.289
69.12,722.289
69.14,722.289
69.16,722.289
69.18,722.438
69.20,722.438
69.22,722.438
69.24,722.438
69.26,722.438
69.28,722.438
69.30,722.438
69.32,722.438
69.34,722.438
69.36,722.438
69.38,722.438
69.40,722.438
69.42,722.438
69.44,722.727
69.46,722.727
69.48,722.727
69.50,722.727
69.52,722.727
69.54,722.727
69.56,722.727
69.58,722.727
69.60,722.727
69.62,722.727
69.64,722.727
69.66,723.094
69.68,723.094
69.70,723.094
69.72,723.094
69.74,723.094
69.76,723.094
69.78,723.094
69.80,723.094
69.82,723.094
69.84,723.094
69.86,723.094
69.88,723.094
69.90,723.094
69.92,722.82
69.94,722.82
69.96,722.82
69.98,722.82
70.00,722.82
70.02,722.82
70.04,722.82
70.06,722.82
70.08,722.82
70.10,722.82
70.12,722.82
70.14,722.82
70.16,722.586
70.18,722.586
70.20,722.586
70.22,722.586
70.24,722.586
70.26,722.586
70.28,722.586
70.30,722.586
70.32,722.586
70.34,722.586
70.36,722.586
70.38,722.586
70.40,722.586
70.42,722.586
70.44,722.586
70.46,722.094
70.48,722.094
70.50,722.094
70.52,722.094
70.54,722.094
70.56,722.094
70.58,722.094
70.60,722.094
70.62,722.094
70.64,722.094
70.66,722.094
70.68,722.094
70.70,721.531
70.72,721.531
70.74,721.531
70.76,721.531
70.78,721.531
70.80,721.531
70.82,721.531
70.84,721.531
70.86,721.531
70.88,721.531
70.90,721.508
70.92,721.508
70.94,721.508
70.96,721.508
70.98,721.508
71.00,721.508
71.02,721.508
71.04,721.508
71.06,721.508
71.08,721.508
71.10,721.508
71.12,721.508
71.14,721.508
71.16,721.508
71.18,721.508
